       100        283      25784
       133        458      31079
       177        530      38315
       236        580      36428
       314       1338     102542
       418       1147     114688
       557       1915     203819
       742       1959     368371
       989       2581     591506
      1318       4388     998987
      1757       4891    1760155
      2342       9391    3169843
      3122       9443    5635615
      4162      18044   10123861
      5549      15611   17926071
      7398      18680   31907792
      9864      31867   56930489
     13152      41973  101362355
     17536      75221  180858082
     23381      74385  321426699
     31174      78275  573974156
     41565     195568 1030328865
